285 
URNT15 KNHC 082215
AF309 1626A DELTA              HDOB 26 20201008
220600 2456N 09313W 6967 02761 9506 +201 +091 201057 064 052 000 00
220630 2455N 09312W 6976 02767 9537 +184 +094 205069 071 056 000 03
220700 2454N 09311W 6978 02780 9564 +174 +111 207077 082 061 000 03
220730 2453N 09310W 6959 02823 9596 +159 +121 204095 099 067 000 00
220800 2452N 09309W 6969 02828 9598 +177 +109 207100 101 072 000 03
220830 2451N 09308W 6950 02869 9617 +177 +089 203102 103 074 000 03
220900 2450N 09307W 6981 02841 9632 +177 +090 199101 102 071 000 03
220930 2449N 09306W 6964 02873 9659 +158 +102 201102 104 069 001 00
221000 2448N 09305W 6958 02897 9698 +137 +112 205100 102 070 000 00
221030 2447N 09304W 6966 02903 9717 +136 +109 205103 104 069 000 00
221100 2446N 09303W 6972 02907 9718 +147 +103 203102 104 069 000 00
221130 2445N 09302W 6965 02925 9733 +145 +104 207101 102 068 001 00
221200 2445N 09302W 6965 02925 9759 +135 +105 207097 100 067 000 00
221230 2443N 09300W 6965 02958 9792 +122 +103 205094 096 065 002 03
221300 2442N 09259W 6967 02968 9810 +117 +103 208090 091 061 000 00
221330 2441N 09258W 6967 02976 9823 +115 +099 210090 091 058 001 00
221400 2440N 09257W 6970 02986 9836 +112 +100 209086 090 055 001 00
221430 2439N 09256W 6963 03001 9849 +110 +104 205081 084 056 000 05
221500 2438N 09255W 6967 03004 9853 +111 +100 209080 082 054 000 03
221530 2437N 09254W 6960 03021 9861 +113 +100 211079 080 050 000 03
$$
;